((.venv) ) [root@f8320c0ba36d workspace]# python tests/bench_sdd_compile.py
SDD configs: 100%|███████████████████████████████████████████████████████████████████████████████████████████████████████████| 12/12 [16:28<00:00, 82.36s/it]
  vars  function                   mean (µs)    mean (s)   median (µs)  median (s)    min (µs)     min (s)    max (µs)     max (s)
------------------------------------------------------------------------------------------------------------------------
     6  compile_from_sdd_cpp          53.809    0.000054        53.809    0.000054      52.216    0.000052      55.402    0.000055
     6  compile_from_sdd_py           70.794    0.000071        70.794    0.000071      70.589    0.000071      71.000    0.000071
     6  compile_from_sdd_cpp          62.827    0.000063        62.827    0.000063      59.442    0.000059      66.211    0.000066
     6  compile_from_sdd_py           81.025    0.000081        81.025    0.000081      80.151    0.000080      81.899    0.000082
     6  compile_from_sdd_cpp          45.530    0.000046        45.530    0.000046      42.848    0.000043      48.212    0.000048
     6  compile_from_sdd_py           56.956    0.000057        56.956    0.000057      56.175    0.000056      57.737    0.000058
    12  compile_from_sdd_cpp         218.627    0.000219       218.627    0.000219     208.830    0.000209     228.425    0.000228
    12  compile_from_sdd_py          305.819    0.000306       305.819    0.000306     305.182    0.000305     306.456    0.000306
    12  compile_from_sdd_cpp         113.300    0.000113       113.300    0.000113     109.853    0.000110     116.748    0.000117
    12  compile_from_sdd_py          166.175    0.000166       166.175    0.000166     160.628    0.000161     171.722    0.000172
    12  compile_from_sdd_cpp         323.089    0.000323       323.089    0.000323     319.999    0.000320     326.178    0.000326
    12  compile_from_sdd_py          470.499    0.000470       470.499    0.000470     464.617    0.000465     476.381    0.000476
    25  compile_from_sdd_cpp        4607.039    0.004607      4607.039    0.004607    4572.736    0.004573    4641.343    0.004641
    25  compile_from_sdd_py         6890.966    0.006891      6890.966    0.006891    6876.584    0.006877    6905.348    0.006905
    25  compile_from_sdd_cpp        1444.074    0.001444      1444.074    0.001444    1437.095    0.001437    1451.054    0.001451
    25  compile_from_sdd_py         2205.110    0.002205      2205.110    0.002205    2135.833    0.002136    2274.387    0.002274
    25  compile_from_sdd_cpp        2209.474    0.002209      2209.474    0.002209    2200.404    0.002200    2218.545    0.002219
    25  compile_from_sdd_py         3286.846    0.003287      3286.846    0.003287    3273.738    0.003274    3299.954    0.003300
    50  compile_from_sdd_cpp      188927.511    0.188928    188927.511    0.188928  188770.326    0.188770  189084.695    0.189085
    50  compile_from_sdd_py       292855.457    0.292855    292855.457    0.292855  290589.714    0.290590  295121.200    0.295121
    50  compile_from_sdd_cpp       71300.663    0.071301     71300.663    0.071301   70477.648    0.070478   72123.677    0.072124
    50  compile_from_sdd_py       112831.434    0.112831    112831.434    0.112831  112567.777    0.112568  113095.091    0.113095
    50  compile_from_sdd_cpp       67129.852    0.067130     67129.852    0.067130   66541.959    0.066542   67717.746    0.067718
    50  compile_from_sdd_py       110263.114    0.110263    110263.114    0.110263  108935.089    0.108935  111591.139    0.111591

